2.607000000000000000e+03
2.813000000000000000e+03
3.135000000000000000e+03
3.190000000000000000e+03
2.489000000000000000e+03
2.747000000000000000e+03
3.130000000000000000e+03
3.503000000000000000e+03
1.880000000000000000e+03
4.092000000000000000e+03
2.163000000000000000e+03
2.295000000000000000e+03
4.739000000000000000e+03
2.540000000000000000e+03
2.652000000000000000e+03
2.568000000000000000e+03
2.821000000000000000e+03
2.856000000000000000e+03
2.929000000000000000e+03
3.138000000000000000e+03
3.156000000000000000e+03
3.341000000000000000e+03
3.382000000000000000e+03
3.493000000000000000e+03
3.523000000000000000e+03
3.682000000000000000e+03
0.000000000000000000e+00
3.763000000000000000e+03
3.809000000000000000e+03
3.788000000000000000e+03
3.987000000000000000e+03
0.000000000000000000e+00
4.055000000000000000e+03
4.158000000000000000e+03
4.193000000000000000e+03
0.000000000000000000e+00
4.215000000000000000e+03
4.258000000000000000e+03
0.000000000000000000e+00
4.347000000000000000e+03
4.426000000000000000e+03
4.471000000000000000e+03
0.000000000000000000e+00
4.429000000000000000e+03
4.564000000000000000e+03
0.000000000000000000e+00
4.504000000000000000e+03
4.491000000000000000e+03
0.000000000000000000e+00
4.708000000000000000e+03
4.698000000000000000e+03
0.000000000000000000e+00
4.829000000000000000e+03
4.773000000000000000e+03
0.000000000000000000e+00
4.790000000000000000e+03
0.000000000000000000e+00
4.727000000000000000e+03
4.907000000000000000e+03
0.000000000000000000e+00
4.671000000000000000e+03
4.670000000000000000e+03
0.000000000000000000e+00
4.807000000000000000e+03
4.757000000000000000e+03
0.000000000000000000e+00
4.828000000000000000e+03
4.636000000000000000e+03
0.000000000000000000e+00
4.707000000000000000e+03
4.736000000000000000e+03
0.000000000000000000e+00
4.617000000000000000e+03
4.610000000000000000e+03
0.000000000000000000e+00
4.408000000000000000e+03
4.471000000000000000e+03
0.000000000000000000e+00
4.442000000000000000e+03
4.361000000000000000e+03
0.000000000000000000e+00
4.322000000000000000e+03
4.163000000000000000e+03
4.079000000000000000e+03
0.000000000000000000e+00
4.032000000000000000e+03
3.974000000000000000e+03
3.964000000000000000e+03
4.101000000000000000e+03
0.000000000000000000e+00
3.970000000000000000e+03
3.775000000000000000e+03
3.975000000000000000e+03
0.000000000000000000e+00
3.935000000000000000e+03
3.918000000000000000e+03
3.884000000000000000e+03
3.918000000000000000e+03
0.000000000000000000e+00
4.051000000000000000e+03
4.220000000000000000e+03
0.000000000000000000e+00
4.532000000000000000e+03
4.675000000000000000e+03
0.000000000000000000e+00
4.876000000000000000e+03
4.901000000000000000e+03
0.000000000000000000e+00
4.617000000000000000e+03
4.829000000000000000e+03
0.000000000000000000e+00
4.678000000000000000e+03
4.616000000000000000e+03
0.000000000000000000e+00
4.446000000000000000e+03
4.746000000000000000e+03
0.000000000000000000e+00
5.070000000000000000e+03
0.000000000000000000e+00
5.176000000000000000e+03
5.587000000000000000e+03
0.000000000000000000e+00
6.076000000000000000e+03
0.000000000000000000e+00
6.271000000000000000e+03
0.000000000000000000e+00
5.740000000000000000e+03
0.000000000000000000e+00
5.682000000000000000e+03
0.000000000000000000e+00
5.379000000000000000e+03
0.000000000000000000e+00
5.507000000000000000e+03
5.353000000000000000e+03
0.000000000000000000e+00
5.488000000000000000e+03
0.000000000000000000e+00
5.349000000000000000e+03
0.000000000000000000e+00
5.450000000000000000e+03
5.188000000000000000e+03
0.000000000000000000e+00
5.335000000000000000e+03
0.000000000000000000e+00
5.330000000000000000e+03
0.000000000000000000e+00
5.654000000000000000e+03
0.000000000000000000e+00
5.769000000000000000e+03
5.787000000000000000e+03
0.000000000000000000e+00
5.913000000000000000e+03
0.000000000000000000e+00
6.010000000000000000e+03
0.000000000000000000e+00
6.378000000000000000e+03
0.000000000000000000e+00
6.229000000000000000e+03
0.000000000000000000e+00
6.122000000000000000e+03
0.000000000000000000e+00
6.386000000000000000e+03
0.000000000000000000e+00
0.000000000000000000e+00
6.401000000000000000e+03
0.000000000000000000e+00
6.816000000000000000e+03
0.000000000000000000e+00
6.614000000000000000e+03
0.000000000000000000e+00
7.005000000000000000e+03
0.000000000000000000e+00
0.000000000000000000e+00
7.196000000000000000e+03
0.000000000000000000e+00
6.847000000000000000e+03
0.000000000000000000e+00
6.763000000000000000e+03
0.000000000000000000e+00
6.633000000000000000e+03
0.000000000000000000e+00
6.841000000000000000e+03
0.000000000000000000e+00
6.219000000000000000e+03
0.000000000000000000e+00
6.169000000000000000e+03
0.000000000000000000e+00
5.861000000000000000e+03
0.000000000000000000e+00
5.334000000000000000e+03
0.000000000000000000e+00
5.290000000000000000e+03
5.090000000000000000e+03
0.000000000000000000e+00
4.866000000000000000e+03
0.000000000000000000e+00
5.126000000000000000e+03
4.681000000000000000e+03
0.000000000000000000e+00
4.758000000000000000e+03
4.495000000000000000e+03
0.000000000000000000e+00
4.386000000000000000e+03
4.381000000000000000e+03
0.000000000000000000e+00
4.634000000000000000e+03
4.349000000000000000e+03
4.177000000000000000e+03
0.000000000000000000e+00
4.447000000000000000e+03
4.462000000000000000e+03
0.000000000000000000e+00
4.854000000000000000e+03
5.225000000000000000e+03
0.000000000000000000e+00
4.925000000000000000e+03
0.000000000000000000e+00
4.560000000000000000e+03
4.398000000000000000e+03
4.223000000000000000e+03
0.000000000000000000e+00
4.300000000000000000e+03
4.574000000000000000e+03
0.000000000000000000e+00
4.513000000000000000e+03
4.626000000000000000e+03
0.000000000000000000e+00
4.491000000000000000e+03
4.926000000000000000e+03
0.000000000000000000e+00
4.399000000000000000e+03
4.211000000000000000e+03
4.424000000000000000e+03
0.000000000000000000e+00
4.213000000000000000e+03
4.136000000000000000e+03
3.791000000000000000e+03
0.000000000000000000e+00
3.857000000000000000e+03
3.772000000000000000e+03
3.887000000000000000e+03
3.641000000000000000e+03
0.000000000000000000e+00
3.993000000000000000e+03
3.412000000000000000e+03
3.446000000000000000e+03
3.527000000000000000e+03
2.913000000000000000e+03
2.914000000000000000e+03
4.563000000000000000e+03
1.894000000000000000e+03
3.588000000000000000e+03
3.741000000000000000e+03
3.080000000000000000e+03
3.399000000000000000e+03
6.000000000000000000e+00
